1 9 5105 5104 1187 1528 1994 2423 2307 2761 1631 
1 3 5105 3098 864 
1 5 143 213 3371 764 864 
1 8 370 3265 1288 3118 2669 561 1575 143 
1 7 864 2428 2828 958 3107 2480 3184 
1 9 3184 1676 5097 664 409 768 3259 5114 5111 
1 5 5111 1716 5110 5109 3068 
1 2 3272 2828 
1 9 1790 1176 3002 110 3382 1133 3272 1229 2428 
1 5 3184 1404 3084 5085 1790 
1 6 1790 5084 744 2599 5089 5097 
1 6 5066 5058 5057 1646 2987 3447 
1 4 5066 2985 1597 1971 
1 8 1971 2409 5074 1079 3407 1943 3226 1790 
1 10 1971 5069 2851 5059 3445 1585 5050 50 777 1095 
1 5 2851 5060 3436 5064 2985 
1 2 5069 5060 
1 7 260 887 286 5082 5081 959 1790 
1 5 286 1129 3130 1354 1971 
1 2 1354 1778 
1 8 260 3370 2510 492 3364 2092 1541 483 
1 4 1541 5113 1626 2176 
1 8 260 703 5092 5096 5099 5103 5106 1716 
1 5 5103 5102 5095 805 2176 
1 5 5106 992 172 2558 2176 
1 3 3068 5108 172 
1 2 5110 992 
1 4 5111 1804 5107 3259 
1 5 5107 2398 1590 5098 664 
1 5 768 5101 1590 2651 5092 
1 8 864 1495 862 2790 5093 924 1799 2307 
1 4 2657 3213 694 3068 
1 5 5024 5023 1358 1265 2657 
1 8 5024 1809 1269 3174 2315 5028 5029 5030 
1 3 5030 5031 2128 
1 5 2128 1056 5027 2905 1977 
1 3 1056 309 5030 
1 6 2315 2884 382 294 2247 2598 
1 4 2657 1849 5019 1839 
1 8 5023 3325 3091 3331 369 5021 843 1402 
1 6 3213 3341 803 1450 1491 2176 
1 5 1977 3276 3318 3322 2754 
1 4 2598 244 3323 3322 
1 3 2754 3243 751 
1 4 751 43 5119 1629 
1 4 1629 396 3065 2576 
1 2 1629 1402 
1 14 2576 951 948 3366 1170 3379 1316 2631 2850 3140 1283 3015 1309 483 
1 15 3015 238 3406 1490 2587 3427 7 1157 2604 965 1135 2425 2354 830 1623 
1 9 1485 878 1601 2131 2093 1551 883 2082 697 
1 7 2604 223 3159 1266 3466 1240 3447 
1 5 3447 37 3200 988 3427 
1 9 1485 1623 534 3459 1054 62 2079 3426 1261 
1 13 1011 2148 3143 3431 968 842 2978 1019 1951 2927 1384 2378 99 
1 3 2378 642 478 
1 5 1261 3281 1145 3419 3143 
1 13 1011 2603 3376 2194 2245 1303 70 1889 386 1428 3333 2484 1774 
1 6 2603 2811 368 3120 2229 1435 
1 11 1261 2865 311 3386 1777 1435 2855 284 2956 1325 1566 
1 6 386 2285 1173 3026 2686 169 
1 4 70 2842 1110 3026 
1 12 169 675 67 2644 1136 1910 719 1979 1939 757 3041 613 
1 6 675 2241 1949 217 3169 2603 
1 6 1485 798 1915 3202 72 690 
1 5 2576 1708 983 2509 1566 
1 5 1566 2902 5116 3149 386 
1 3 2075 966 1566 
1 3 2075 2673 173 
1 5 2075 388 1603 2266 1428 
1 6 2673 1647 218 1390 1746 1629 
1 3 3320 1016 3322 
1 6 3320 8 1268 2787 5126 5125 
1 5 5125 3317 672 1817 173 
1 4 173 563 2625 8 
1 4 751 3332 512 563 
1 4 1774 949 5122 672 
1 8 176 3179 2094 2872 668 3321 2115 5125 
1 2 176 3316 
1 4 176 3326 2814 1277 
1 2 668 1774 
1 2 2971 1173 
1 4 2971 428 481 3326 
1 6 2971 3101 1356 3328 1220 3179 
1 3 1774 3314 1220 
1 6 1277 3335 5010 2226 1747 1191 
1 4 1191 430 5007 5008 
1 6 5008 2303 2984 3324 1379 5016 
1 3 5015 1920 1277 
1 3 5007 63 5006 
1 5 5006 1877 5000 2173 3350 
1 5 3350 1925 2845 1443 4989 
1 8 5006 3229 2367 4997 1808 3356 1254 1925 
1 3 4989 653 4988 
1 3 4988 1706 2982 
1 3 2982 1507 3388 
1 5 295 2311 2772 3396 3388 
1 14 4980 4981 3125 903 1252 3271 783 3461 1726 2627 940 373 3425 295 
1 2 4985 783 
1 8 295 3430 75 1524 1391 3219 487 1101 
1 5 1099 3342 2102 676 1277 
1 3 1099 2469 3026 
1 5 459 4994 1040 2643 1099 
1 5 459 2699 1320 4992 1890 
1 3 3356 2147 1890 
1 5 1890 4991 945 1251 653 
1 11 1706 219 3383 2565 2733 2390 2004 530 778 2019 459 
1 8 5010 3338 5004 1002 4996 3346 874 1191 
1 3 459 1557 4996 
1 6 874 5001 1213 2571 4995 1320 
1 5 1808 122 4993 2918 1213 
1 3 2367 2009 2918 
1 8 4980 2017 2512 3522 1875 1409 1686 4848 
1 5 4848 4846 2414 412 4630 
1 10 1686 688 1505 2130 2516 321 952 4844 2165 921 
1 8 921 3588 190 413 1278 666 2300 282 
1 3 282 2791 2958 
1 8 1686 583 247 4852 4856 2864 709 2665 
1 4 2665 73 104 2322 
1 7 2322 1613 1468 2349 2634 3282 1391 
1 5 4630 1668 3052 1455 1062 
1 4 4612 135 4618 2382 
1 6 2382 4624 4626 4627 426 1455 
1 6 3614 9 1756 4629 2656 2929 
1 4 2382 2417 1548 4924 
1 2 3614 1455 
1 5 4630 3000 1255 64 2929 
1 5 2929 425 24 4628 1548 
1 6 4621 4619 3643 3635 892 3185 
1 3 4619 1242 4613 
1 4 4613 3054 1296 4611 
1 4 1296 3656 1067 4610 
1 5 4613 4614 4616 1667 3185 
1 6 2382 3185 4617 2190 4706 762 
1 2 4610 2190 
1 4 3643 4620 1722 4627 
1 3 4627 4625 4620 
1 6 4692 4689 2268 532 1329 4700 
1 4 4700 765 3289 4706 
1 3 762 4697 4695 
1 4 4689 79 53 4695 
1 8 4695 3689 3688 109 4693 1411 2889 4677 
1 3 4677 4673 2454 
1 5 288 1471 3667 212 2703 
1 3 1411 3691 288 
1 6 288 941 4698 3675 422 4695 
1 5 4637 4638 551 1422 4689 
1 7 4638 1439 68 801 1205 4634 4633 
1 4 2889 4636 2441 801 
1 2 68 2441 
1 6 4633 908 506 2497 433 2454 
1 6 433 851 4631 833 2898 2812 
1 3 829 3751 2497 
1 6 1315 4642 802 4651 2741 4661 
1 9 4661 2059 4668 1757 521 4685 1916 605 4886 
1 3 1916 1374 716 
1 3 4661 453 421 
1 4 421 457 3022 4631 
1 5 1372 1069 3300 3757 421 
1 5 4677 549 2145 4687 2077 
1 5 2077 926 4686 1936 2263 
1 5 1285 795 4681 4685 2263 
1 5 2741 1235 3742 3750 4660 
1 5 1315 3228 2718 1441 3032 
1 2 3032 1394 
1 3 1394 2264 4646 
1 4 4646 1703 359 4654 
1 2 359 4657 
1 3 4657 4667 2808 
1 8 2808 1125 4679 4684 564 490 2197 2601 
1 3 1394 2458 4662 
1 4 4662 831 4664 2557 
1 5 2557 4658 1969 4644 1441 
1 5 2557 1827 488 1369 2309 
1 4 4660 397 4669 2557 
1 2 1285 488 
1 2 1369 456 
1 2 456 1003 
1 4 1003 3701 2222 564 
1 4 2309 3164 2223 2601 
1 3 1003 4694 2601 
1 2 2197 461 
1 2 4646 2928 
1 3 2458 1350 2928 
1 7 4654 4655 55 2534 3713 1694 2401 
1 2 2401 4688 
1 3 4688 2335 4696 
1 2 4696 490 
1 4 4654 2788 4656 1030 
1 2 1030 4659 
1 6 1030 4665 16 3025 3695 360 
1 6 360 283 4702 1259 125 2605 
1 6 4659 2974 4666 623 4683 3697 
1 4 3697 556 3115 2435 
1 3 2435 4893 2399 
1 4 3115 1968 254 258 
1 2 4886 4888 
1 3 4888 854 716 
1 8 4888 1851 1637 1405 725 4898 4907 3659 
1 3 3164 4887 1637 
1 2 3164 344 
1 5 344 435 4892 4894 4907 
1 5 3659 4908 3663 4890 2601 
1 5 4908 4896 1420 5161 2605 
1 3 461 5157 1420 
1 6 2605 3661 4902 4866 4867 4868 
1 2 2399 3661 
1 7 4908 180 5163 2329 4904 4 2275 
1 2 2275 2615 
1 5 4888 419 4912 2338 4914 
1 2 4914 4912 
1 7 1851 5158 2560 4920 5164 5166 3216 
1 2 3216 2267 
1 3 2267 94 2452 
1 5 2267 1284 347 5165 180 
1 4 180 2121 1531 4905 
1 2 4907 180 
1 2 4867 1545 
1 3 1545 2666 4870 
1 3 258 4865 4868 
1 7 258 2989 1186 1848 404 2182 2013 
1 3 2013 979 1499 
1 2 1499 106 
1 9 106 1057 3627 2054 232 227 3636 2896 760 
1 2 760 740 
1 4 697 2870 880 156 
1 7 156 1791 2876 3264 2770 264 3627 
1 9 156 3586 3587 200 957 3606 2109 2677 2182 
1 5 4924 1532 2965 3621 2343 
1 6 2343 4930 2134 1139 4915 4916 
1 2 2703 4915 
1 3 4916 886 3677 
1 4 926 2720 2137 3677 
1 7 484 4910 3206 2439 1936 215 3722 
1 5 4668 3723 2103 3722 95 
1 3 95 1227 433 
1 5 4668 4671 229 3729 4669 
1 5 3677 1692 4910 610 716 
1 4 4916 3650 4917 2693 
1 2 3254 2218 
1 4 2218 2478 2763 3621 
1 4 2693 918 4913 4914 
1 2 484 4917 
1 4 918 4918 739 2935 
1 4 2935 4919 606 1897 
1 4 2693 2803 2072 1773 
1 2 1773 606 
1 4 2134 2713 5032 1717 
1 2 2452 606 
1 5 1717 1996 463 3619 1562 
1 2 1562 2803 
1 6 1897 1224 443 3623 2702 2765 
1 3 2765 1221 3285 
1 4 3285 4959 1644 3221 
1 3 4935 4949 3221 
1 2 4935 4870 
1 2 4935 4934 
1 5 4935 4945 4951 4953 4955 
1 7 4955 2740 13 1797 3177 222 4868 
1 11 1224 4942 4947 4958 4964 4965 188 265 3573 4967 4969 
1 5 3221 3577 5037 5038 3554 
1 2 3554 5039 
1 3 3554 821 5041 
1 3 5041 5042 5043 
1 4 5043 5045 424 99 
1 3 4969 4968 3577 
1 7 3871 3872 615 1665 3208 324 3860 
1 4 145 3861 972 3119 
1 3 3119 970 324 
1 4 3860 3137 1537 3367 
1 3 3854 3852 3851 
1 2 3851 759 
1 2 759 3137 
1 5 145 3865 2418 2909 890 
1 10 890 3237 166 3147 1301 839 107 1150 329 2154 
1 5 1475 660 3804 100 868 
1 7 868 601 2522 1687 3843 1569 3918 
1 4 3880 2655 776 670 
1 3 670 786 2624 
1 9 1475 2518 1453 2302 42 3834 990 2537 1942 
1 3 3918 3922 4588 
1 4 4588 2947 3924 4336 
1 2 4336 149 
1 4 149 4583 5211 1338 
1 2 1306 4583 
1 3 3924 4573 3765 
1 3 3765 4579 149 
1 7 3162 3475 3417 3625 1001 3913 210 
1 6 3162 871 837 3920 2970 3918 
1 3 210 848 3720 
1 3 3720 2591 196 
1 2 210 162 
1 3 162 1768 269 
1 4 3720 1810 2816 269 
1 2 269 1642 
1 2 269 3687 
1 3 3909 2323 3910 
1 2 3910 3766 
1 3 3766 747 3526 
1 2 3526 2136 
1 2 3766 2188 
1 2 3766 3907 
1 3 3909 2525 1786 
1 3 1786 1579 2515 
1 2 2515 847 
1 3 847 3770 1675 
1 3 1675 3288 3918 
1 2 847 2514 
1 2 1579 2380 
1 2 3875 2525 
1 4 2136 1539 199 3880 
1 4 196 3016 2799 2854 
1 3 2854 1779 3909 
1 4 3920 1504 2364 2945 
1 3 3162 787 196 
1 2 3909 2475 
1 4 2475 3912 2523 2797 
1 3 3907 1754 3273 
1 3 3273 2797 2881 
1 3 2881 1974 3916 
1 5 3916 2494 593 2498 2816 
1 2 747 2578 
1 3 2578 165 1449 
1 2 1449 3906 
1 4 3906 3898 3899 2164 
1 5 3526 1967 2973 2261 699 
1 3 699 2819 834 
1 2 834 3890 
1 2 3890 2780 
1 3 2780 3888 3762 
1 5 2261 2636 3279 3903 1399 
1 2 1399 1425 
1 2 1425 3893 
1 2 1425 3734 
1 3 1754 3902 2797 
1 3 2780 3887 674 
1 5 674 3745 3894 2326 3893 
1 2 2326 1138 
1 3 199 2732 3879 
1 3 3879 402 2201 
1 6 2201 3881 3045 2593 3884 2006 
1 4 3884 140 2580 3769 
1 2 3762 825 
1 2 3762 3889 
1 3 2136 1319 3820 
1 5 3820 1124 2249 66 1476 
1 6 1476 2858 525 3816 1955 2522 
1 4 1625 2873 3110 3820 
1 5 1625 2892 1395 3788 3843 
1 5 2433 2306 1749 3848 601 
1 6 2433 3797 1658 2962 185 3787 
1 4 42 2847 3841 3797 
1 3 2537 3807 3800 
1 11 4831 1992 735 1258 2795 2086 1985 2999 2099 3632 2066 
1 2 2066 2041 
1 3 2164 607 1536 
1 8 1536 4822 4826 4827 2723 4828 1863 4831 
1 7 2723 3684 280 333 2564 21 3893 
1 2 119 3684 
1 5 119 3251 4818 1263 1966 
1 3 2564 1345 3251 
1 4 2154 142 1270 3762 
1 5 1270 1902 1649 2806 3021 
1 8 3021 2327 2443 3705 1558 1421 2116 3578 
1 2 2443 1966 
1 4 2327 3731 174 1263 
1 3 2116 447 2723 
1 5 3578 2175 1520 3217 4831 
1 5 3217 4798 702 161 3669 
1 3 2581 2174 3021 
1 4 2174 3492 3354 1902 
1 3 2581 1763 1115 
1 7 3767 804 1595 1984 177 574 2581 
1 4 2154 1702 1759 804 
1 3 3767 3789 3367 
1 3 3767 3058 1150 
1 3 3767 1952 3268 
1 3 3268 538 1290 
1 2 3778 804 
1 3 3778 597 1115 
1 2 358 597 
1 3 1290 2620 358 
1 2 358 3295 
1 2 3295 2660 
1 2 2660 548 
1 5 548 1177 3777 3755 3295 
1 7 2007 1222 4721 3754 3784 2980 3704 
1 4 2980 138 3291 2944 
1 2 138 3527 
1 4 3669 1465 4783 3674 
1 3 3063 3642 3669 
1 6 3669 4810 911 11 1861 1573 
1 3 1573 2875 558 
1 4 4744 1813 566 558 
1 6 558 4815 2924 3737 820 2007 
1 3 3728 2007 4744 
1 7 3674 2225 1998 3670 3047 1037 4811 
1 5 4811 4786 3196 4802 106 
1 4 4811 1216 4796 1499 
1 3 3256 2048 4811 
1 2 4809 3256 
1 4 3256 4777 1432 4788 
1 5 4788 4795 933 3033 1724 
1 3 1724 1134 2182 
1 6 2919 4765 3180 1659 3657 4792 
1 2 4792 1724 
1 6 2919 4762 745 337 4766 4809 
1 4 3256 1080 2817 1451 
1 5 1451 2317 1006 1645 1998 
1 6 1006 899 4763 2852 4759 2875 
1 2 4759 3063 
1 6 3728 4745 1147 18 2238 1451 
1 3 4755 1088 18 
1 8 4809 1463 3069 2941 4751 3707 4746 3727 
1 2 4755 4751 
1 3 3707 301 4753 
1 5 4753 2253 2701 4757 2919 
1 3 2701 1197 1954 
1 5 4807 2278 2642 4732 3727 
1 6 4807 4727 1661 2521 3056 1918 
1 3 4659 807 4725 
1 3 4725 4726 1918 
1 5 4725 4729 1918 4738 4736 
1 2 4738 4739 
1 3 4739 938 4740 
1 2 4740 197 
1 3 197 4730 4727 
1 2 4738 4743 
1 3 4743 2366 1954 
1 4 2839 4723 4724 4807 
1 3 2278 3758 4718 
1 4 3181 3748 2358 3728 
1 5 3748 1980 4742 115 3727 
1 4 3727 2594 2138 1954 
1 2 3704 3295 
1 4 4709 3188 2097 3754 
1 2 3188 4711 
1 2 4711 3774 
1 3 4711 741 4813 
1 2 4721 4722 
1 5 4722 4720 4716 183 3774 
1 2 3774 4708 
1 2 183 4814 
1 2 4814 4715 
1 2 4715 4718 
1 2 4718 3181 
