1 106 
1 140 
1 145 
1 156 
1 162 
1 169 
1 176 
1 196 
1 240 
1 269 
1 282 
1 288 
1 295 
1 358 
1 370 
1 391 
1 409 
1 483 
1 586 
1 670 
1 674 
1 716 
1 760 
1 762 
1 768 
1 818 
1 864 
1 868 
1 890 
1 921 
1 1003 
1 1030 
1 1059 
1 1062 
1 1290 
1 1306 
1 1315 
1 1354 
1 1372 
1 1399 
1 1451 
1 1475 
1 1476 
1 1485 
1 1499 
1 1558 
1 1573 
1 1585 
1 1590 
1 1614 
1 1625 
1 1642 
1 1724 
1 1790 
1 1890 
1 1894 
1 1897 
1 1918 
1 1942 
1 1971 
1 1977 
1 2066 
1 2154 
1 2164 
1 2176 
1 2261 
1 2262 
1 2267 
1 2307 
1 2322 
1 2401 
1 2433 
1 2454 
1 2515 
1 2527 
1 2557 
1 2605 
1 2657 
1 2677 
1 2693 
1 2780 
1 2964 
1 3021 
1 3068 
1 3119 
1 3184 
1 3221 
1 3295 
1 3316 
1 3367 
1 3447 
1 3546 
1 3568 
1 3577 
1 3578 
1 3614 
1 3627 
1 3659 
1 3669 
1 3687 
1 3728 
1 3766 
1 3767 
1 3774 
1 3807 
1 3809 
1 3820 
1 3854 
1 3860 
1 3871 
1 3880 
1 3884 
1 3902 
1 3909 
1 3918 
1 3923 
1 4336 
1 4611 
1 4612 
1 4613 
1 4621 
1 4630 
1 4633 
1 4637 
1 4646 
1 4654 
1 4657 
1 4659 
1 4661 
1 4662 
1 4668 
1 4692 
1 4708 
1 4709 
1 4715 
1 4725 
1 4736 
1 4755 
1 4756 
1 4807 
1 4809 
1 4811 
1 4814 
1 4831 
1 4848 
1 4868 
1 4888 
1 4916 
1 4924 
1 4955 
1 4965 
1 4980 
1 4985 
1 4989 
1 5006 
1 5008 
1 5015 
1 5016 
1 5024 
1 5030 
1 5039 
1 5060 
1 5066 
1 5096 
1 5105 
1 5106 
1 5110 
1 5111 
1 5125 
