state={
	id=111
	name="STATE_111"
	provinces={
		34 47 121 181 189 208 411 429 434 450 522 531 541 584 619 680 738 771 853 901 930 947 950 974 1020 1042 1117 1161 1171 1282 1366 1489 1527 1543 1576 1651 1685 1714 1728 1730 1742 1755 1767 1840 1873 1929 1944 1956 2026 2124 2246 2270 2273 2301 2304 2492 2507 2540 2617 2649 2658 2805 2908 3004 3005 3028 3074 3076 3092 3122 3168 3239 3304 3315 3499 3515 3552 3562 3568 3574 3579 3580 3584 4839 4840 
	}
	history={
		owner = CHA
		add_core_of = CHA
		victory_points = { 3568 5 }
		victory_points = { 2492 3 }
		victory_points = { 3499 3 }
		buildings = {
			infrastructure = 2
			air_base = 3
		}
	}
	manpower=246950
	buildings_max_level_factor=1.000
	state_category=wasteland
	local_supplies=0.000
}
