state={
	id=115
	name="STATE_115"
	provinces={
		73 104 114 226 236 296 345 393 442 468 487 494 499 511 518 545 568 598 709 732 806 809 942 980 997 1045 1122 1198 1209 1225 1231 1264 1273 1300 1391 1416 1419 1468 1469 1613 1663 1677 1709 1752 1832 1835 1921 1987 2030 2078 2105 2133 2204 2280 2313 2322 2346 2349 2437 2531 2532 2541 2634 2665 2681 2810 2864 2890 2930 2959 3043 3103 3108 3128 3158 3210 3219 3282 3296 3438 3482 3501 3519 3523 4860 4861 4862 
	}
	resources = {
		steel = 12
		uranium = 1
	}
	history={
		owner = MRT
		add_core_of = MRT
		victory_points = { 2322 5 }
		victory_points = { 2665 3 }
		buildings = {
			infrastructure = 1
		}
	}
	manpower=134483
	buildings_max_level_factor=1.000
	state_category=wasteland
	local_supplies=0.000
}
