state={
	id=116
	name="STATE_116"
	provinces={
		136 156 200 257 383 390 401 406 407 417 439 455 460 471 602 633 645 650 652 677 697 755 788 840 880 881 883 888 895 939 993 1007 1015 1021 1036 1048 1083 1180 1200 1250 1293 1362 1401 1438 1444 1448 1492 1502 1540 1699 1765 1776 1791 1814 1819 1820 1864 1961 2000 2012 2082 2089 2126 2132 2141 2170 2230 2244 2328 2355 2360 2381 2383 2451 2499 2519 2528 2662 2694 2743 2755 2775 2822 2829 2870 2876 2878 2895 2939 2988 3012 3037 3053 3055 3148 3201 3209 3218 3247 3263 3278 3284 3306 3493 3497 3498 3520 3525 3530 3537 3542 3543 3555 3558 3569 3583 3586 3587 4883 
	}
	resources = {
		gold = 12
		uranium = 12
	}
	history={
		owner = NGR
		add_core_of = NGR
		victory_points = { 156 5 }
		victory_points = { 697 3 }
		victory_points = { 645 3 }
		buildings = {
			infrastructure = 1
			air_base = 2
		}
	}
	manpower=687540
	buildings_max_level_factor=1.000
	state_category=wasteland
	local_supplies=0.000
}
