state={
	id=161
	name="STATE_161"
	provinces={
		10 67 70 86 96 163 169 192 217 230 271 274 291 303 306 330 350 352 361 368 386 399 405 428 432 478 513 552 555 613 624 625 639 642 675 719 757 790 799 842 968 987 996 1010 1011 1013 1019 1051 1053 1055 1098 1110 1120 1136 1145 1155 1159 1173 1207 1214 1217 1226 1303 1328 1356 1370 1384 1385 1396 1428 1542 1560 1563 1605 1657 1671 1783 1811 1823 1855 1862 1876 1889 1910 1939 1949 1951 1965 1978 1979 1991 2065 2076 2098 2117 2148 2158 2194 2214 2219 2229 2241 2242 2245 2266 2285 2320 2371 2374 2378 2405 2429 2432 2438 2442 2474 2535 2577 2579 2603 2644 2647 2653 2654 2686 2698 2762 2766 2769 2777 2792 2811 2813 2832 2842 2927 2946 2955 2971 2978 2992 3024 3026 3035 3041 3101 3120 3143 3149 3169 3183 3195 3222 3269 3270 3287 3340 3357 3376 3384 3387 3394 3404 3408 3409 3419 3422 3428 3431 3465 3468 5116 5117 
	}
	resources = {
		steel = 4
		oil = 10
	}
	history={
		owner = ALG
		add_core_of = ALG
		victory_points = { 169 5 }
		victory_points = { 2971 3 }
		victory_points = { 613 3 }
		victory_points = { 1011 3 }
		victory_points = { 478 3 }
		buildings = {
			infrastructure = 2
			industrial_complex = 1
		}
	}
	manpower=1395532
	buildings_max_level_factor=1.000
	state_category=pastoral
	local_supplies=0.000
}
