state={
	id=162
	name="STATE_162"
	provinces={
		7 37 43 52 62 69 72 102 108 220 223 238 284 311 325 336 343 381 388 396 420 465 482 502 534 575 580 600 616 628 648 651 673 690 692 695 708 712 728 731 742 773 798 824 827 830 843 878 891 915 935 948 951 961 965 966 983 985 988 994 1005 1009 1054 1064 1094 1100 1130 1135 1140 1146 1148 1157 1165 1170 1190 1208 1218 1228 1238 1240 1261 1262 1266 1272 1283 1307 1309 1316 1325 1342 1357 1388 1402 1424 1435 1462 1470 1485 1490 1494 1513 1523 1544 1551 1553 1566 1568 1577 1593 1601 1603 1609 1623 1629 1653 1696 1701 1708 1746 1766 1777 1807 1857 1867 1888 1893 1896 1909 1915 1935 1941 1962 1972 1988 2016 2037 2075 2079 2093 2101 2106 2131 2151 2172 2181 2206 2227 2248 2279 2281 2293 2298 2319 2321 2348 2354 2368 2425 2465 2470 2489 2504 2509 2538 2548 2555 2559 2561 2576 2587 2597 2604 2610 2613 2631 2637 2689 2692 2710 2722 2739 2758 2776 2818 2840 2850 2855 2859 2865 2877 2882 2902 2903 2904 2932 2956 2983 2997 3015 3065 3094 3097 3140 3159 3161 3170 3199 3200 3202 3220 3234 3244 3281 3303 3337 3345 3347 3353 3365 3366 3379 3380 3386 3391 3392 3402 3406 3411 3415 3426 3427 3435 3442 3449 3454 3459 3466 3471 3474 3478 3483 3484 3485 3488 3489 3494 3531 5115 5118 5119 5120 
	}
	resources = {
		oil = 12
	}
	history={
		owner = ALG
		add_core_of = ALG
		victory_points = { 1485 5 }
		victory_points = { 690 3 }
		victory_points = { 1261 3 }
		victory_points = { 3406 3 }
		victory_points = { 1566 3 }
		victory_points = { 2075 3 }
		victory_points = { 1629 3 }
		victory_points = { 1402 3 }
		victory_points = { 2576 3 }
		victory_points = { 1266 3 }
		buildings = {
			infrastructure = 2
			arms_factory = 1
		}
	}
	manpower=2964748
	buildings_max_level_factor=1.000
	state_category=pastoral
	local_supplies=0.000
}
