state={
	id=191
	name="STATE_191"
	provinces={
		15 23 32 33 40 45 146 198 241 252 263 292 304 326 332 341 351 354 366 367 379 486 498 504 523 524 526 539 560 590 603 614 636 658 661 687 689 698 701 706 729 743 749 752 832 836 850 852 856 889 936 937 944 954 962 969 973 984 1008 1014 1031 1038 1068 1077 1084 1107 1112 1142 1154 1181 1185 1195 1204 1236 1237 1239 1256 1330 1348 1361 1371 1413 1415 1423 1466 1493 1501 1506 1508 1521 1530 1578 1580 1592 1598 1690 1693 1715 1718 1719 1731 1734 1735 1736 1764 1794 1815 1821 1822 1828 1841 1842 1878 1880 1881 1907 1913 1926 1947 1957 1981 2002 2021 2031 2035 2043 2112 2119 2146 2149 2150 2153 2159 2160 2166 2212 2217 2252 2289 2294 2297 2351 2352 2361 2387 2397 2455 2467 2468 2479 2483 2502 2506 2517 2529 2569 2630 2633 2725 2729 2747 2749 2798 2856 2891 2897 2900 2914 2915 2926 2937 2938 2949 2951 2977 3006 3039 3072 3096 3131 3157 3246 3253 3258 3261 3266 3280 3301 3308 3309 3495 3505 3507 3529 3534 3538 3540 3541 3550 3551 3559 3561 3564 3575 3581 3589 3591 3592 3594 3596 3603 3607 3611 3613 3628 3639 3648 3651 3653 3658 3678 3681 3685 3693 
	}
	history={
		owner = SUD
		add_core_of = SUD
		victory_points = { 3258 10 }
		victory_points = { 1913 5 }
		victory_points = { 1881 5 }
		buildings = {
			infrastructure = 2
			industrial_complex = 2
			arms_factory = 2
		}
	}
	manpower=11110000
	buildings_max_level_factor=1.000
	state_category=city
	local_supplies=0.000
}
