
state={
	id=31
	name="STATE_31"
	provinces={
		22 35 80 127 137 141 151 171 191 211 216 276 323 374 527 553 565 582 608 644 657 659 683 734 758 867 885 902 916 931 971 1044 1085 1105 1106 1119 1153 1223 1311 1339 1365 1445 1467 1487 1497 1549 1550 1684 1725 1812 1818 1886 1960 2055 2061 2100 2127 2139 2155 2162 2200 2256 2295 2312 2359 2365 2404 2527 2602 2648 2671 2684 2690 2707 2715 2719 2737 2779 2784 2825 2833 2844 2863 2869 2888 2948 3007 3083 3172 3235 3267 3690 3699 3700 3716 3725 3743 3761 3773 3783 3790 3791 3795 
	}
	history={
		owner = SOM
		add_core_of = SOM
		victory_points = { 553 10 }
		buildings = {
			infrastructure = 1
		}
	}
	manpower=16540000
	buildings_max_level_factor=1.000
	state_category=town
	local_supplies=0.000
}
