
state={
	id=34
	name="STATE_34"
	provinces={
		44 51 92 117 118 128 134 224 225 245 246 251 261 281 287 308 320 340 356 371 400 467 497 517 528 536 547 557 595 622 667 671 679 696 727 737 756 789 817 855 857 872 1023 1047 1049 1058 1071 1091 1108 1109 1132 1137 1158 1160 1163 1168 1178 1275 1287 1308 1312 1337 1346 1363 1368 1373 1387 1400 1410 1417 1427 1447 1483 1496 1517 1533 1556 1588 1611 1635 1636 1697 1700 1723 1784 1800 1831 1834 1844 1846 1874 1946 1959 1970 1986 2033 2045 2064 2073 2084 2157 2167 2169 2183 2185 2191 2237 2251 2254 2258 2272 2277 2291 2318 2340 2341 2345 2388 2407 2420 2421 2436 2477 2495 2562 2566 2567 2568 2585 2590 2640 2661 2691 2704 2768 2785 2836 2862 2931 2934 2943 2950 3075 3080 3085 3109 3121 3141 3171 3190 3198 3205 3286 3293 3629 3647 3654 3662 3686 3692 3696 3698 3702 3703 3708 3715 3719 3721 3730 3733 3735 3740 3741 3746 3749 3753 3763 3764 3776 
	}
	history={
		owner = ETH
		add_core_of = ETH
		victory_points = { 51 15 }
		buildings = {
			infrastructure = 3
			industrial_complex = 2
			arms_factory = 3
		}
	}
	manpower=112200000
	buildings_max_level_factor=1.000
	state_category=city
	local_supplies=0.000
}
