
state={
	id=35
	name="STATE_35"
	provinces={
		1 39 49 60 120 175 179 186 205 206 231 234 253 262 302 312 313 315 378 380 384 387 389 408 416 440 448 458 479 508 510 529 570 578 581 587 596 630 638 640 691 700 717 736 769 772 780 792 810 813 815 819 873 898 906 914 922 943 981 1027 1043 1052 1070 1087 1096 1121 1166 1174 1188 1193 1233 1234 1249 1279 1281 1297 1299 1314 1322 1323 1341 1347 1355 1367 1381 1414 1431 1436 1460 1473 1481 1484 1500 1512 1529 1610 1612 1628 1673 1678 1691 1707 1721 1729 1760 1772 1785 1788 1806 1872 1904 1923 1927 1933 1937 1983 2029 2047 2063 2081 2107 2108 2123 2156 2255 2260 2265 2310 2339 2385 2394 2427 2430 2445 2450 2466 2493 2496 2505 2513 2553 2556 2575 2600 2638 2645 2659 2664 2672 2696 2706 2745 2771 2794 2815 2823 2846 2867 2879 2886 2893 2913 2953 2994 2996 3008 3011 3014 3027 3034 3036 3048 3059 3062 3081 3089 3099 3112 3146 3167 3175 3182 3230 3232 3292 3361 3363 3368 3369 3377 3390 3397 3399 3401 3403 3414 3420 3423 3424 3434 3440 3441 3453 3458 3460 3462 3469 3479 3481 3490 
	}
	history={
		owner = EGY
		add_core_of = EGY
		victory_points = { 3369 15 }
		buildings = {
			infrastructure = 4
			industrial_complex = 4
		}
	}
	manpower=107500000
	buildings_max_level_factor=1.000
	state_category=city
	local_supplies=0.000
}
