state={
	id=36
	name="STATE_36"
	provinces={
		46 2589 48 139 170 201 207 228 268 272 289 293 328 375 376 451 452 466 473 480 559 562 612 617 629 705 718 726 775 808 816 919 932 1039 1151 1248 1253 1292 1389 1412 1434 1459 1464 1472 1554 1627 1666 1674 1681 1737 1769 1796 1879 1887 1989 1995 2001 2168 2203 2210 2296 2314 2347 2350 2393 2416 2431 2448 2488 2546 2549 2592 2607 2621 2687 2705 2724 2730 2738 2830 2880 2885 2936 2981 2986 3077 3186 3192 3212 3227 3233 3680 3706 3709 3710 3712 3714 3738 3756 3760 3768 3771 3772 3779 
	}
	history={
		owner = SSD
		add_core_of = SSD
		victory_points = { 612 15 }
		buildings = {
			infrastructure = 1
		}
	}
	manpower=44440000
	buildings_max_level_factor=1.000
	state_category=city
	local_supplies=0.000
}
