state={
	id=37
	name="STATE_37"
	provinces={
		14 38 61 78 81 85 193 195 239 242 285 377 449 454 462 477 493 520 543 550 569 604 635 682 754 774 838 964 991 1026 1065 1131 1184 1194 1310 1324 1326 1386 1392 1433 1480 1555 1571 1599 1650 1740 1781 1826 1854 1883 1912 1930 1932 1999 2027 2067 2095 2120 2142 2152 2171 2180 2231 2235 2282 2324 2333 2424 2490 2526 2550 2584 2586 2708 2773 2826 2960 3003 3073 3117 3123 3176 3191 3193 3223 3242 3307 3312 3313 3500 3502 3509 3517 3518 3532 3536 3545 3560 3585 3599 3605 3609 3633 3634 3660 3673 
	}
	history={
		owner = SUD
		add_core_of = SUD
		victory_points = { 1326 15 }
		victory_points = { 2586 10 }
		victory_points = { 3599 5 }
		victory_points = { 2333 5 }
		buildings = {
			infrastructure = 4
			industrial_complex = 2
			arms_factory = 2
			2586 = { naval_base = 3 }
		}
	}
	manpower=33330000
	buildings_max_level_factor=1.000
	state_category=city
	local_supplies=0.000
}
